/usr/local/bin/python3.10 /Users/CS323/Assignment8/Assignment8.py
Fahim Ahmed
                               48        85        132       160       210       254       295       358       381       433       483       499       555       587       618       696       719       792       786       862
bpp_next_fit              0.006676  0.006199  0.103235  0.014782  0.012636  0.020027  0.016928  0.021935  0.026941  0.025272  0.026226  0.028849  0.032187  0.034094  0.035048  0.039101  0.040054  0.043869  0.042200  0.046015
bpp_first_fit             0.025034  0.059843  0.280142  0.334978  0.545025  0.752926  0.746012  0.993013  1.141071  1.522779  1.596928  2.014160  2.531052  2.742052  2.979040  3.754854  4.144907  4.945755  4.953146  6.031990
bpp_best_fit              0.038147  0.080824  0.157118  0.227928  0.437021  0.499964  0.694990  0.842094  0.934839  1.169920  1.305103  1.495123  2.172232  3.180981  2.151012  2.727747  2.908945  3.781080  3.492117  4.386663
bpp_worst_fit             0.042915  0.096083  0.387669  0.389814  0.434875  0.683069  1.353979  1.252174  1.256943  1.758099  1.927853  2.531767  2.982855  3.288269  3.436089  3.766060  4.598141  6.189108  5.230904  6.870031
bpp_next_fit_decreasing   0.012159  0.013113  0.040770  0.030041  0.042200  0.046253  0.072956  0.062943  0.059128  0.113964  0.068903  0.086069  0.149012  0.135899  0.090837  0.106812  0.108957  0.118971  0.118971  0.159979
bpp_first_fit_decreasing  0.030041  0.094891  0.288010  0.593901  0.657082  0.782728  1.498938  1.997709  1.711130  2.295971  3.421068  3.561974  4.312992  4.122972  4.694223  5.923986  6.076097  7.225990  7.684708  8.751154
bpp_best_fit_decreasing   0.040770  0.106096  0.385046  0.496149  0.484943  0.763893  0.981092  1.755953  1.391888  1.681089  2.176046  2.398014  3.025055  3.232956  3.588200  4.242897  5.290985  5.419016  5.426884  6.350279
bpp_worst_fit_decreasing  0.045061  0.118971  0.493050  0.339746  0.537872  0.685692  1.244783  1.300812  1.446247  1.718760  2.882004  2.474070  3.571987  3.093004  4.408121  4.495144  4.786968  5.842924  5.558968  6.639719
