Console Output:

/usr/local/bin/python3.10 /Users/CS323/Assignment7/Assignment7.py
Fahim Ahmed
MATRIX
[[999999     56     22      9     50     43     26     80     99      9]
 [    47 999999     85     83     32     20     31     20     24     87]
 [    79     29 999999     72      8     69     25     45     21     83]
 [    48     88     74 999999     42     11     80      4      9     45]
 [    48     86     48     97 999999      3      2     30     83     42]
 [    16     35     32     83     12 999999      1     89     87     22]
 [    85     52     22     12     71     22 999999     49     94      6]
 [    83      2     14     86     94     95      4 999999     60     82]
 [    95     86     18      4     74     37     52     32 999999     20]
 [    34     26     15     39     16     24     59     37      8 999999]]

floyd_apsp
[[ 0 15 22  9 25 20 17 13 17  9]
 [36  0 34 28 32 20 21 20 24 27]
 [27 28  0 22  8 11 10 26 21 16]
 [27  6 18  0 23 11  8  4  9 14]
 [19 20 23 14  0  3  2 18 16  8]
 [16 19 22 13 12  0  1 17 15  7]
 [38 18 21 12 22 22  0 16 14  6]
 [38  2 14 16 22 22  4  0 18 10]
 [31 10 18  4 26 15 12  8  0 18]
 [34 18 15 12 16 19 18 16  8  0]]

bellman_ford_apsp
[[ 0 15 22  9 25 20 17 13 17  9]
 [36  0 34 28 32 20 21 20 24 27]
 [27 28  0 22  8 11 10 26 21 16]
 [27  6 18  0 23 11  8  4  9 14]
 [19 20 23 14  0  3  2 18 16  8]
 [16 19 22 13 12  0  1 17 15  7]
 [38 18 21 12 22 22  0 16 14  6]
 [38  2 14 16 22 22  4  0 18 10]
 [31 10 18  4 26 15 12  8  0 18]
 [34 18 15 12 16 19 18 16  8  0]]

dijkstra_apsp
[[ 0 15 22  9 25 20 17 13 17  9]
 [36  0 34 28 32 20 21 20 24 27]
 [27 28  0 22  8 11 10 26 21 16]
 [27  6 18  0 23 11  8  4  9 14]
 [19 20 23 14  0  3  2 18 16  8]
 [16 19 22 13 12  0  1 17 15  7]
 [38 18 21 12 22 22  0 16 14  6]
 [38  2 14 16 22 22  4  0 18 10]
 [31 10 18  4 26 15 12  8  0 18]
 [34 18 15 12 16 19 18 16  8  0]]

                        10         20         30          40          50           60           70           80           90            100
floyd_apsp         0.596046   2.669096   7.495880   17.399073   33.656836    58.141947    90.903997   135.576010   190.304041    263.096809
bellman_ford_apsp  1.497030  18.231630  89.796066  292.357922  692.428827  1456.828117  2717.485905  4626.370668  7341.063976  11211.058855
dijkstra_apsp      0.572920   1.801014   5.136013   11.328936   21.199942    36.316872    58.248997    82.983971   123.726130    161.309242