Console Output:

numpy_mult
[[171 110 143 135]
 [187 118 151 151]
 [135 105 109 116]
 [258 217 223 253]]
listcomp_mult
[[171 110 143 135]
 [187 118 151 151]
 [135 105 109 116]
 [258 217 223 253]]
simple_mult
[[171 110 143 135]
 [187 118 151 151]
 [135 105 109 116]
 [258 217 223 253]]
divcong_mult
[[171 110 143 135]
 [187 118 151 151]
 [135 105 109 116]
 [258 217 223 253]]
strassen_mult
[[171 110 143 135]
 [187 118 151 151]
 [135 105 109 116]
 [258 217 223 253]]
                     4         8          16          32          64
numpy_mult     0.890732  0.032902   0.070095    0.195265    0.894070
listcomp_mult  0.140905  0.093937   0.558853    3.388882   23.635387
simple_mult    0.113010  0.117064   0.874043    6.453037   53.755045
divcong_mult   0.409842  1.768112  15.045166  109.159946  875.407934
strassen_mult  0.488997  2.125025  14.222145  166.906834  680.941105